274	2006	8	2	4.7	4.32	0.11548	110	83.33333333	30	0	8	5.4	4.1	3.9	2	0.91	185.6851308	27.01668095	2.5
275	2006	7.3	1.6	3.6	0.76	0.10569	80	63.33333333	30	0	2.9	2.5	6.9	3.4	1.6	0.55	268.8778234	39.1209912	2.5
276	2006	5	0.9	2.9	0	0.08559	80	63.33333333	30	0	1.8	1	4.7	3.5	0.9	0.68	210.0443792	30.56088526	2.5
277	2006	5.3	0.6	2.7	0.25	0.08958	80	63.33333333	30	0	2.6	2.7	4.1	1.6	0.6	0.67	231.7544681	33.71964408	2.5
278	2006	8.7	-0.5	2.9	0	0.12491	80	63.33333333	30	0	0.6	-0.3	7.8	3	-0.5	0.18	345.1708264	50.22141541	2.5
279	2006	12.3	2.9	7.1	0.25	0.14988	80	63.33333333	30	0	3.5	4.2	10.9	7.1	2.9	0.41	205.0799524	29.83857469	2.5
280	2006	7.3	3.3	5.7	0.51	0.09105	80	63.33333333	30	0	6	6.2	7.1	5.6	3.3	0.8	237.0470964	34.4897071	2.5
281	2006	8.7	1.2	3.4	0	0.11097	80	63.33333333	30	0	3.6	1.4	8.3	2.4	1.2	0	252.3236643	36.71240613	2.5
282	2006	7.2	1.8	4	0	0.09553	80	63.33333333	30	0	2.1	2.6	6.6	3.6	1.8	0.76	452.2782662	65.80525627	2.5
283	2006	13.2	1.7	6	0.25	0.15013	80	63.33333333	30	0	2.5	1.8	12.5	5.8	1.7	0	225.4963446	32.80910415	2.5
284	2006	9	4.5	6.6	0	0.09497	80	63.33333333	30	0	7.3	5.8	8.2	6.3	4.5	0.52	230.5039078	33.53769097	2.5
285	2006	11.8	2.5	7	0	0.13686	80	63.33333333	30	0	4.5	3.4	10	7.2	2.5	0.42	224.7661891	32.70286852	2.5
286	2006	9.1	5	6.5	0.51	0.08781	80	63.33333333	30	0	9	7.1	5.6	6.4	5	0.85	198.992713	28.95289793	2.5
287	2006	16.9	4.9	9.5	0	0.16643	80	63.33333333	30	0	5	6	14.8	9.7	4.9	0.04	196.3773199	28.57236535	2.5
288	2006	14	5.1	8.9	0	0.13822	80	63.33333333	30	0	13.2	8.7	13.1	6.6	5.1	0.13	152.5401267	22.1941731	2.5
289	2006	9	5.1	7.4	0	0.08514	80	63.33333333	30	0	5.3	6.5	7.6	8.2	5.1	0.91	154.8944255	22.53671717	2.5
290	2006	16	8.1	11	0	0.13654	80	63.33333333	30	0	8.9	8.6	15.3	10.6	8.1	0.44	134.5800948	19.58103736	2.5
291	2006	15.9	5.6	9.3	0.25	0.14463	80	63.33333333	30	0	9.7	5.8	15	8.3	5.6	0.01	246.6089843	35.88093575	2.5
292	2006	10.3	6.5	7.9	0.51	0.08212	80	63.33333333	30	0	9.8	9.5	6.6	7	6.5	0.88	188.7139775	27.4573699	2.5
293	2006	8	3.9	6.4	0.25	0.07918	80	63.33333333	30	0	6.6	6.5	7.5	6.4	3.9	0.87	296.0140358	43.06923622	2.5
294	2006	10.9	4	6.3	0	0.10082	80	63.33333333	30	0	4	4.2	9.9	6.3	4	0.27	343.3567588	49.95747351	2.5
295	2006	14.5	4.5	7.5	0	0.12559	80	63.33333333	30	0	5.3	4.7	12.9	7.7	4.5	0	205.6622423	29.92329627	2.5
296	2006	16.1	6.6	9.2	0	0.12875	80	63.33333333	30	0	7.4	7	15.2	8.7	6.6	0.03	260.1447523	37.85035313	2.5
297	2006	15.7	6.9	10	0	0.12575	80	63.33333333	30	0	8.1	6.9	14.5	9.5	6.9	0.09	297.2817619	43.25368692	2.5
298	2006	17.8	9.2	11.5	0	0.12913	80	63.33333333	30	0	10.6	9.4	16	10.1	9.2	0.02	250.4460303	36.4392155	2.5
299	2006	10.2	1.5	4.3	0.76	0.09654	80	63.33333333	30	0	10.2	6	3.5	2.3	1.5	0.88	250.5025177	36.44743425	2.5
300	2006	4	0.1	1.8	0	0.0565	80	63.33333333	30	0	1.6	1.6	3.4	0.4	0.1	0.68	384.7054598	55.97359692	2.5
301	2006	5.7	0.6	2.8	0.51	0.06692	80	63.33333333	30	0	0.8	1.6	5.7	2.4	0.6	0.82	259.1936202	37.711966	2.5
302	2006	3.7	1.8	2.5	0.25	0.03967	80	63.33333333	30	0	2	2.1	3.1	2.5	1.8	0.85	278.1943715	40.47652358	2.5
303	2006	4	0.4	1.9	0	0.05222	80	63.33333333	30	0	2.2	2	3.5	0.7	0.4	0.76	319.6713026	46.51130413	2.5
304	2006	5.7	1.4	3.4	3.3	0.06053	80	63.33333333	30	0	1.9	1.5	3.2	5.3	1.4	0.93	211.941606	30.83692659	2.5
305	2006	7.2	1.5	4.4	2.03	0.07193	80	63.33333333	30	0	4.8	3	6.7	4.5	1.5	0.85	184.3801664	26.82681218	2.5
306	2006	3.1	0.4	1.5	0	0.04242	30	30	30	0	1.6	1.2	2.6	1	0.4	0.68	423.049008	61.55247879	2.5
307	2006	3.8	0.5	1.4	1.27	0.04598	30	30	30	0	0.8	0.7	3.8	1.2	0.5	0.31	229.0303813	33.32329688	2.5
308	2006	1.4	-0.2	0.6	1.52	0.03024	30	30	30	0	1.3	0	1	0.4	-0.2	0.89	174.3372743	25.36559873	2.5
309	2006	1.1	-1.2	-0.3	0.51	0.034	30	30	30	0	-0.2	-1.1	0.1	-0.4	-1.2	0.73	182.9124938	26.61326981	2.5
310	2006	2.4	-1.2	0.8	0	0.04457	30	30	30	0	0.9	1.4	2	-0.5	-1.2	0.74	253.2249572	36.8435418	2.5
311	2006	2.8	-1.2	0.2	0.76	0.04482	30	30	30	0	-1	-1	2.5	0.4	-1.2	0.7	283.4964679	41.24796417	2.5
312	2006	0.4	-4.6	-2.2	0	0.04283	30	30	30	0	-0.8	-2.5	0.3	-3.6	-4.6	0.88	195.2724601	28.41161126	2.5
313	2006	2.1	-4.8	-1.2	0.25	0.05279	30	30	30	0	-4.6	-4	2	-0.5	-4.8	0.81	178.3786063	25.95360153	2.5
314	2006	4.6	0.2	1.8	0.25	0.04909	30	30	30	0	0.5	1.1	3.3	2.1	0.2	0.18	143.872101	20.93299896	2.5
315	2006	4.4	-0.5	1.8	0.51	0.0511	30	30	30	0	3.4	4	1.5	-0.3	-0.5	0.7	299.8770576	43.63129538	2.5
316	2006	-0.1	-1.7	-1	0.76	0.02469	30	30	30	0	-0.1	-1.4	-0.8	-1.2	-1.7	0.87	1735.382285	252.4933974	2.5
317	2006	3	-1.3	0.6	1.78	0.04373	30	30	30	0	-0.9	-1.1	0.4	2.8	-1.3	0.81	349.9195534	50.91234225	2.5
318	2006	1.4	-5.9	-2.3	0	0.04737	30	30	30	0	1.4	-1.4	-1	-3.2	-5.9	0.4	159.8739978	23.26123137	2.5
319	2006	-0.5	-7	-3.4	0	0.04098	30	30	30	0	-5.8	-6.9	-0.7	-2.6	-7	0.51	193.2788437	28.1215455	2.5
320	2006	1.3	-1.5	-0.1	0.51	0.03264	30	30	30	0	-1.5	-0.7	1	0.4	-1.5	0.85	196.7483902	28.62635506	2.5
321	2006	1.6	-1.5	0.1	0	0.03429	30	30	30	0	0	-0.4	1.3	0.1	-1.5	0.02	318.2059008	46.29809215	2.5
322	2006	3	-0.8	0.7	0.25	0.03875	30	30	30	0	-0.6	0	2.9	0.8	-0.8	0.4	164.8248324	23.98156433	2.5
323	2006	1.9	-1	0.5	0	0.03307	30	30	30	0	-0.7	-0.9	1.6	1.3	-1	0.12	251.6566456	36.61535672	2.5
324	2006	3.7	0.5	1.4	0	0.03601	30	30	30	0	1	1	3.3	1.3	0.5	0.16	198.4238916	28.87013595	2.5
325	2006	3.6	0	1.4	0	0.03774	30	30	30	0	0.7	0.4	3.4	1	0	0.17	270.2736849	39.32408525	2.5
326	2006	3.5	0.3	1.5	0	0.03536	30	30	30	0	1	0.6	3	1.6	0.3	0.14	246.3172904	35.83849508	2.5
327	2006	3.9	-0.3	1	0	0.03901	30	30	30	0	0.5	0.2	3.6	0.3	-0.3	0.13	249.5456851	36.30821772	2.5
328	2006	4.9	-0.5	1.2	0	0.04421	30	30	30	0	-0.3	-0.1	3.2	1.9	-0.5	0.12	180.2311888	26.22314724	2.5
329	2006	5.9	0.1	2	0.51	0.04724	30	30	30	0	0.8	2.4	3.2	1.3	0.1	0.73	163.3300974	23.76408446	2.5
330	2006	0.1	-4.7	-2.4	0	0.03307	30	30	30	0	0.1	-2.2	-2.8	-2.8	-4.7	0.91	1735.382285	252.4933974	2.5
331	2006	-2.5	-5.9	-4.5	0	0.0238	30	30	30	0	-4.7	-5.8	-3.4	-4	-5.9	0.59	1735.382285	252.4933974	2.5
332	2006	-2.5	-7.1	-4.8	0	0.02679	30	30	30	0	-4	-5.9	-3.2	-6.9	-7.1	0.58	1735.382285	252.4933974	2.5
333	2006	-1.5	-3.8	-2.8	1.52	0.02165	30	30	30	0	-3	-2.9	-1.8	-2.7	-3.8	0.86	1735.382285	252.4933974	2.5
334	2006	-2.7	-4.8	-3.8	1.02	0.01913	30	30	30	0	-2.7	-4.5	-3.2	-3.8	-4.8	0.92	1735.382285	252.4933974	2.5
335	2006	-0.4	-7.1	-4	1.02	0.03339	30	30	30	0	-4.7	-6.7	-2.8	-1.1	-7.1	0.93	1735.382285	252.4933974	2.5
336	2006	-2.6	-4.4	-3.2	2.79	0.01815	30	30	30	0	-4.4	-2.9	-3	-2.8	-4.4	0.94	1735.382285	252.4933974	2.5
337	2006	-3.5	-8.2	-5.5	0	0.02452	30	30	30	0	-4.3	-5.2	-4	-6.5	-8.2	0.88	1735.382285	252.4933974	2.5
338	2006	-5.1	-11.4	-7.7	0	0.02313	30	30	30	0	-8.2	-11.3	-7	-6.4	-11.4	0.76	1735.382285	252.4933974	2.5
339	2006	-3.9	-9.2	-5	0	0.02669	30	30	30	0	-5.2	-5.2	-4.5	-4.3	-9.2	0.94	1735.382285	252.4933974	2.5
340	2006	-8.3	-14.8	-11.2	0	0.01514	30	30	30	0	-9.2	-11	-8.7	-12.7	-14.8	0.69	1735.382285	252.4933974	2.5
341	2006	-9.5	-14.9	-12.8	0	0.01038	30	30	30	0	-14.4	-14.8	-10.2	-12.5	-14.9	0.64	1735.382285	252.4933974	2.5
342	2006	-7.1	-13	-10.1	0	0.01662	30	30	30	0	-12.4	-12.8	-8	-9.3	-13	0.6	1735.382285	252.4933974	2.5
343	2006	-2.9	-9.3	-5.8	0	0.02682	30	30	30	0	-9.4	-7.1	-3.5	-6	-9.3	0.82	1735.382285	252.4933974	2.5
344	2006	-1.2	-5.9	-3.3	0.25	0.02763	30	30	30	0	-4.8	-4.9	-2.5	-2.3	-5.9	0.29	354.6119612	51.59507481	2.5
345	2006	0.4	-3.3	-1.8	0	0.02692	30	30	30	0	-2.4	-2.8	-0.2	-1.6	-3.3	0.29	162.6365006	23.66316801	2.5
346	2006	-0.1	-5.8	-2.2	0	0.03244	30	30	30	0	-1.3	-1.9	-0.5	-2.8	-5.8	0.18	177.9118959	25.88569644	2.5
347	2006	-4.7	-7.3	-6.3	0	0.01609	30	30	30	0	-5.8	-6.1	-5.5	-6.9	-7.3	0.56	172.0418231	25.03161682	2.5
348	2006	-3.1	-7.6	-5.7	0	0.0222	30	30	30	0	-6.6	-5.8	-3.4	-6.5	-7.6	0.44	280.844065	40.86204678	2.5
349	2006	-2.1	-9	-6.3	0	0.02606	30	30	30	0	-6.8	-7.8	-2.4	-7.6	-9	0.49	285.0242932	41.47025859	2.5
350	2006	-5.7	-11.4	-9	0	0.01808	30	30	30	0	-8.9	-10.1	-5.7	-10.8	-11.4	0.52	273.4904365	39.79211384	2.5
351	2006	-8.9	-14.7	-11.7	0	0.01262	30	30	30	0	-10.3	-12.1	-9.9	-12.2	-14.7	0.36	170.6583685	24.83032795	2.5
352	2006	-7.4	-14.1	-11.3	0	0.01443	30	30	30	0	-13.5	-13.7	-10.2	-9.6	-14.1	0.39	166.264171	24.19098418	2.5
353	2006	2	-7.4	-1.1	0.25	0.04388	30	30	30	0	-7.4	-4	1.2	1.4	-7.4	0.7	197.1092042	28.67885252	2.5
354	2006	5.3	1.4	3	0.25	0.03519	30	30	30	0	1.6	1.9	5.1	2.9	1.4	0.65	223.3349412	32.49462584	2.5
355	2006	4.9	2.4	3.3	1.02	0.02858	30	30	30	0	2.8	2.7	4	2.5	2.4	0.8	162.8670441	23.69671146	2.5
356	2006	4.4	2.4	3.7	2.79	0.02607	30	30	30	0	4.1	4	3.5	3.5	2.4	0.87	127.9691972	18.61916976	2.5
357	2006	3.9	0.6	2.4	0.25	0.03149	30	30	30	0	2.6	1.9	3.5	1.3	0.6	0.51	148.1913355	21.56143582	2.5
358	2006	5.7	2.8	3.9	0.51	0.03176	30	30	30	0	3	3.7	4.5	5.2	2.8	0.56	155.1179696	22.56924222	2.5
359	2006	5.8	1.3	3.1	1.02	0.03819	30	30	30	0	4	3.5	4.1	2.4	1.3	0.94	168.4155877	24.50400945	2.5
360	2006	4.1	1.2	2.6	1.27	0.03	30	30	30	0	1.8	2.5	3.5	2.3	1.2	0.8	291.0748657	42.35060041	2.5
361	2006	1.4	0.3	1	1.52	0.01708	30	30	30	0	1.2	0.8	1.2	1	0.3	0.91	1735.382285	252.4933974	2.5
362	2006	4.2	0.2	1.6	2.54	0.03372	30	30	30	0	1.4	1.8	1.8	1.6	0.2	0.91	554.952363	80.74405779	2.5
363	2006	0.4	-1.5	-0.2	0.51	0.02117	30	30	30	0	0.3	-0.4	0.2	-0.3	-1.5	0.95	1735.382285	252.4933974	2.5
364	2006	1.5	-1.2	0.5	1.78	0.02636	30	30	30	0	-0.7	-0.6	0.9	1.3	-1.2	0.95	1735.382285	252.4933974	2.5
365	2006	2.9	0.3	1.6	2.03	0.02755	30	30	30	0	1.4	1.7	1.6	1.5	0.3	0.94	328.8200915	47.842428	2.5
1	2006	1.3	-0.6	0.6	0.76	0.02246	30	30	30	0	0.3	0.5	0.8	0.7	-0.6	0.96	718.0892214	104.4800265	2.5
2	2006	1.6	-1.3	0.4	0.51	0.0276	30	30	30	0	-0.5	1	1.3	-0.8	-1.3	0.92	181.7947396	26.45063962	2.5
3	2006	1.1	-0.5	0.3	0.25	0.02052	30	30	30	0	0.8	-0.3	0.9	0.1	-0.5	0.94	89.26098337	12.98723004	2.5
4	2006	1.4	-1.8	-0.1	1.02	0.02856	30	30	30	0	0.5	-0.1	1	-1.5	-1.8	0.88	146.8588676	21.36756536	2.5
5	2006	1.7	-1.1	0.8	0.25	0.02828	30	30	30	0	-0.5	0.9	1.1	1.3	-1.1	0.97	76.11325812	11.07427181	2.5
6	2006	2.7	1.1	1.8	0	0.02269	30	30	30	0	1.3	1.6	2.3	1.6	1.1	0.92	97.37941277	14.16843941	2.5
7	2006	1.6	-0.7	1	2.29	0.0263	30	30	30	0	1.6	1.3	1.1	1.4	-0.7	0.86	267.496306	38.91998418	2.5
8	2006	-0.3	-3	-1.4	0.25	0.02507	30	30	30	0	-0.7	-1.5	-0.7	-1.9	-3	0.93	377.5990466	54.93963315	2.5
9	2006	0.5	-3.1	-1	1.02	0.02991	30	30	30	0	-2.4	-2.4	-0.6	0.2	-3.1	0.95	284.1007834	41.33589043	2.5
10	2006	2.4	0.5	1.4	5.33	0.02506	30	30	30	0	0.5	1.3	1.9	1.5	0.5	0.92	210.2431845	30.58981089	2.5
11	2006	2.4	-1.1	0.4	1.02	0.03254	30	30	30	0	1.6	0.8	0.3	-0.1	-1.1	0.86	122.7141274	17.85457141	2.5
12	2006	0.8	-1.3	-0.6	0.51	0.02405	30	30	30	0	-1.1	-1.2	0	-0.9	-1.3	0.99	415.2460104	60.41716388	2.5
13	2006	2.9	0.1	1.6	1.02	0.03164	30	30	30	0	0.1	1.3	2.1	1.6	0.1	0.87	95.37250937	13.87644043	2.5
14	2006	2.5	-0.5	1.3	1.78	0.03258	30	30	30	0	1.7	1.7	2.2	0.7	-0.5	0.75	94.91607758	13.81003085	2.5
15	2006	-0.5	-3.8	-2.8	0.25	0.02713	30	30	30	0	-0.5	-3.1	-2.9	-3.3	-3.8	0.77	278.2176008	40.47990339	2.5
16	2006	-1.1	-5.3	-2.9	0.76	0.03073	30	30	30	0	-2.8	-3.9	-2.7	-2.9	-5.3	0.93	222.7228601	32.40556972	2.5
17	2006	1	-1	0.3	3.56	0.02606	30	30	30	0	-1.1	-0.1	0.9	0.6	-1	0.89	131.4683549	19.12828768	2.5
18	2006	0.9	-2.4	-0.8	0.25	0.0318	30	30	30	0	-0.3	-1	0.2	-2.2	-2.4	0.86	139.5282239	20.30097667	2.5
19	2006	-0.5	-1.7	-1.1	0.76	0.01906	30	30	30	0	-1.2	-1.1	-0.9	-1.5	-1.7	0.99	137.6832226	20.03253401	2.5
20	2006	-0.5	-1.7	-1	2.03	0.01941	30	30	30	0	-0.9	-1.3	-0.9	-0.5	-1.7	0.89	123.0040604	17.89675587	2.5
21	2006	0.1	-5.1	-2.2	0	0.03798	30	30	30	0	-1.7	-2.8	-0.9	-2	-5.1	0.67	495.82351	72.14097068	2.5
22	2006	-0.9	-4.8	-1.9	0.51	0.03395	30	30	30	0	-4.8	-2.4	-1.3	-1.6	-4.8	0.92	131.0134471	19.06209983	2.5
23	2006	1.3	-1.9	-0.7	0	0.03349	30	30	30	0	-1.1	-1.8	0.9	-0.8	-1.9	0.9	176.2555008	25.64469546	2.5
24	2006	1.4	-1.3	0.1	0	0.03262	30	30	30	0	-1	-0.7	1.2	0.8	-1.3	0.87	196.736773	28.62466479	2.5
25	2006	1.4	-1.2	-0.1	0	0.03207	30	30	30	0	0.3	0	1.4	-1.1	-1.2	0.67	142.1958854	20.68911416	2.5
26	2006	0	-5	-1.8	0.25	0.04075	30	30	30	0	-0.6	-1.5	-0.5	-2.1	-5	0.69	119.2702601	17.3534981	2.5
27	2006	-1.2	-3.8	-1.9	1.78	0.02959	30	30	30	0	-3.6	-2.2	-1.4	-1.6	-3.8	0.94	271.8614546	39.55510142	2.5
28	2006	-0.1	-2.5	-1.3	1.78	0.02991	30	30	30	0	-1.9	-2.2	-0.6	-0.7	-2.5	0.94	116.762475	16.98862219	2.5
29	2006	1	-1.9	-1.1	0.25	0.03374	30	30	30	0	-1.3	-1.8	-0.5	-1.1	-1.9	0.91	124.885082	18.17043939	2.5
30	2006	2.4	-0.6	1.4	0.76	0.04001	30	30	30	0	1	1.4	1.9	1.6	-0.6	0.8	359.6647223	52.3302378	2.5
31	2006	0.2	-1.7	-1	0.25	0.02825	30	30	30	0	-0.6	-1.6	-0.6	-1.4	-1.7	0.98	141.4233441	20.5767115	2.5
32	2006	1.3	-0.7	0.6	1.27	0.0322	30	30	30	0	-0.7	0.9	1.1	0.9	-0.7	0.98	1228.589228	178.7563875	2.5
33	2006	1.9	-0.5	0.6	1.78	0.03578	30	30	30	0	0.3	-0.4	0.8	1.1	-0.5	0.98	234.2473276	34.08234835	2.5
34	2006	3.5	0.3	1.3	0	0.0435	30	30	30	0	0.3	0.6	3	1.4	0.3	0.83	1046.461679	152.257325	2.5
35	2006	2.8	-2.5	0.5	1.52	0.05442	30	30	30	0	2	1.8	1.7	-0.7	-2.5	0.57	164.4912119	23.93302345	2.5
36	2006	-1	-6.2	-2.9	0.51	0.04453	30	30	30	0	-2.5	-3	-1.8	-2.3	-6.2	0.74	191.5785411	27.8741561	2.5
37	2006	0.8	-6.2	-2.8	0	0.05277	30	30	30	0	-6.2	-3.8	0.6	-2.7	-6.2	0.68	281.0335684	40.88961901	2.5
38	2006	3.5	-3.8	-1.1	0	0.06088	30	30	30	0	-3.2	-3.5	1.1	0.1	-3.8	0.6	1735.382285	252.4933974	2.5
39	2006	3.3	-2.1	0.5	0	0.05822	30	30	30	0	-0.9	-0.5	1.6	1.1	-2.1	0.47	132.894623	19.3358058	2.5
40	2006	0.2	-7	-4.6	0	0.04921	30	30	30	0	-2.1	-5.8	-2.3	-5.7	-7	0.48	105.4943638	15.3491427	2.5
41	2006	0.4	-8.5	-6.2	0	0.04879	30	30	30	0	-6.8	-7.5	-3.1	-6.6	-8.5	0.4	75.94670832	11.05003927	2.5
42	2006	3.3	-8.3	-4.8	0	0.06335	30	30	30	0	-8	-8.2	-1.5	-3.6	-8.3	0.34	71.48845664	10.40137579	2.5
43	2006	1.8	-5.9	-3.4	0	0.05802	30	30	30	0	-4.8	-5.6	1	-3.3	-5.9	0.47	107.648423	15.66255243	2.5
44	2006	0	-5.3	-2.4	0.25	0.05224	30	30	30	0	-4.8	-4.8	-0.5	-0.9	-5.3	0.44	143.6673848	20.9032133	2.5
45	2006	-1.3	-10	-7.2	0	0.04675	30	30	30	0	-4.1	-9	-5.3	-8.4	-10	0.33	97.03908397	14.1189225	2.5
46	2006	-1.4	-11.7	-8.1	0	0.04724	30	30	30	0	-9.2	-10	-5	-7.9	-11.7	0.27	146.7036803	21.34498604	2.5
47	2006	-5.5	-18.9	-10	0	0.04397	30	30	30	0	-9.5	-9.4	-6.4	-12.5	-18.9	0.26	150.6844242	21.92417343	2.5
48	2006	-11.8	-22.8	-18.7	0	-0.00466	30	30	30	0	-18.9	-22.1	-14.8	-16.8	-22.8	0.28	157.2260281	22.87595899	2.5
49	2006	-4.8	-22.5	-14.7	0	0.02068	30	30	30	0	-21.4	-21	-8.5	-12.5	-22.5	0.25	203.8628235	29.66148574	2.5
50	2006	-0.9	-14.6	-10	0	0.04645	30	30	30	0	-13.1	-14.6	-5.3	-8.8	-14.6	0.25	2313.843047	336.6578632	2.5
51	2006	-2.7	-11.8	-6.7	0	0.05466	30	30	30	0	-11.7	-11	-2.9	-5.5	-11.8	0.58	203.2658606	29.57462927	2.5
52	2006	-1.1	-5.8	-3.1	0.25	0.05278	30	30	30	0	-5.8	-4.5	-2.7	-2.1	-5.8	0.92	128.6262348	18.71476695	2.5
53	2006	1.6	-1.8	-0.5	0.51	0.0536	30	30	30	0	-1.3	-1.7	0.3	0.3	-1.8	0.7	163.5224768	23.79207513	2.5
54	2006	1.5	-4.7	-0.2	0.51	0.07471	30	30	30	0	-0.7	-0.5	0.9	1.3	-4.7	0.3	66.16231111	9.626436119	2.5
55	2006	0.3	-9.9	-6.5	0	0.06241	30	30	30	0	-4.7	-8.1	-2.9	-7.9	-9.9	0.22	60.02186892	8.7330185	2.5
56	2006	3.1	-9.9	-3.1	0	0.09296	30	30	30	0	-9.9	-9.5	1.3	-0.9	-9.9	0.3	72.37041675	10.52969859	2.5
57	2006	5.4	-0.4	1.9	0.25	0.0844	30	30	30	0	-0.2	0.7	4.4	1.4	-0.4	0.65	76.47663394	11.12714201	2.5
58	2006	4.4	1.4	2.6	1.27	0.06375	30	30	30	0	1.9	2.5	3.2	2.4	1.4	0.79	211.2027122	30.72941956	2.5
59	2006	5.8	-0.4	2.1	2.03	0.09066	30	30	30	0	3.8	4.5	1.8	-0.1	-0.4	0.5	111.7798573	16.26366489	2.5
60	2006	6.1	-0.6	1.1	0	0.09076	30	30	30	0	0.1	-0.4	4	0.6	-0.6	0.41	160.9318966	23.41515277	2.5
61	2006	5.9	-1.7	0.5	0.25	0.0949	30	30	30	0	-0.4	-0.9	3.3	-0.5	-1.7	0.35	74.42668842	10.82888052	2.5
62	2006	5.5	-1.8	0.7	0.51	0.09532	30	30	30	0	-1.3	-1.4	3.9	0.8	-1.8	0.37	87.79337024	12.77369633	2.5
63	2006	1.6	-2	-0.4	0.25	0.06382	30	30	30	0	-1.1	-0.1	-0.1	-1.1	-2	0.79	91.55677037	13.3212608	2.5
64	2006	7.2	-2.3	2.1	0.51	0.12018	30	30	30	0	-1.7	-0.5	5.5	2.2	-2.3	0.31	96.88107663	14.09593286	2.5
65	2006	2.8	0.5	1.6	1.27	0.05843	30	30	30	0	2.2	1.9	2.7	1.4	0.5	0.88	103.5791466	15.0704838	2.5
66	2006	2.2	-1	0.4	0.51	0.06552	30	30	30	0	0.5	-0.2	1.1	0.8	-1	0.76	66.40493438	9.661737144	2.5
67	2006	0.9	-3	-1.1	1.27	0.06725	30	30	30	0	-0.4	-2	-0.2	-1.1	-3	0.58	109.5742564	15.94275595	2.5
68	2006	-1.8	-6.3	-4.6	0.25	0.05785	30	30	30	0	-3	-5.9	-2.7	-5.7	-6.3	0.62	230.8712574	33.59113934	2.5
69	2006	2.5	-7.9	-4	0	0.09314	30	30	30	0	-4.4	-7.6	1.2	-3.8	-7.9	0.14	172.3176452	25.07174819	2.5
70	2006	4.5	-8.1	-4.1	0	0.10309	30	30	30	0	-7.2	-8.1	1.4	-3.7	-8.1	0.08	119.9573008	17.45346065	2.5
71	2006	2.9	-9.6	-4.6	0	0.1002	30	30	30	0	-6.4	-9.3	-0.7	-4	-9.6	0.1	128.9847471	18.7669295	2.5
72	2006	4.4	-7.8	-3.6	0	0.10783	30	30	30	0	-7.2	-7.7	1.2	-3.9	-7.8	0.1	265.6197375	38.64694858	2.5
73	2006	1.1	-5.6	-2.1	0.51	0.08946	30	30	30	0	-5.4	-3.5	-0.2	-1.4	-5.6	0.49	176.6292402	25.69907352	2.5
74	2006	5.4	-4.3	-1	0.25	0.11662	30	30	30	0	-2.5	-1.8	3.5	-2.1	-4.3	0.13	277.8463965	40.42589418	2.5
75	2006	7.9	-4.3	1.3	0.25	0.15051	30	30	30	0	-4.2	-3.7	5.6	2.9	-4.3	0.1	412.7767576	60.05789432	2.5
76	2006	4	-1.2	1.2	0	0.09894	30	30	30	0	2.1	1	2.3	0.2	-1.2	0.48	211.4171312	30.76061694	2.5
77	2006	3.9	-3.3	-0.5	0	0.10728	30	30	30	0	-1.2	-1	1.6	-1.2	-3.3	0.3	121.5324623	17.68264236	2.5
78	2006	8.2	-3.8	0.4	0	0.14743	30	30	30	0	-3	-3	5.9	-0.5	-3.8	0.04	226.3542111	32.9339214	2.5
79	2006	5.7	-6	-0.8	0	0.13757	30	30	30	0	-3.8	-5.9	3.5	0.7	-6	0.11	80.60610575	11.72796891	2.5
80	2006	10.2	-2.3	2	0	0.16754	30	30	30	0	-2.2	-1.3	5.6	0.9	-2.3	0.05	115.5958225	16.81887743	2.5
81	2006	8.8	-0.4	2.8	0	0.15126	30	30	30	0	1	-0.1	6.5	1.6	-0.4	0.18	45.97039166	6.688566818	2.5
82	2006	12	1	4.9	0	0.18432	30	30	30	0	1.1	2.4	11.3	3.3	1	0.05	58.16923861	8.463465834	2.5
83	2006	7.6	0.7	3.2	0.25	0.13657	30	30	30	0	2.7	3.5	5.9	1.5	0.7	0.32	219.0908724	31.87712539	2.5
84	2006	3.5	0.6	1.7	2.29	0.08312	30	30	30	0	1.6	1.9	1.6	1.4	0.6	0.62	300.282443	43.69027784	2.5
85	2006	1.3	-3.9	-1	0.25	0.09694	30	30	30	0	0.7	-2.5	0.1	-0.6	-3.9	0.58	298.5603931	43.43972428	2.5
86	2006	8.5	-4.7	0.9	0	0.17377	30	30	30	0	-3.8	-3.6	6.6	1.3	-4.7	0.07	176.5543656	25.68817947	2.5
87	2006	8.4	0.7	3.3	0	0.15134	30	30	30	0	1.1	1.8	8.3	2.8	0.7	0.28	189.8321552	27.6200617	2.5
88	2006	7.5	1.3	3.4	0	0.13788	30	30	30	0	1.6	1.7	4	3.3	1.3	0.37	140.8494246	20.49320777	2.5
89	2006	9.3	0.9	3	0	0.15909	30	30	30	0	2	1.9	5.1	2.1	0.9	0.16	68.51320092	9.968484186	2.5
90	2006	8.2	0.4	3	0.25	0.15487	30	30	30	0	1.4	1.8	4.7	2.4	0.4	0.18	85.06775907	12.37712732	2.5
91	2006	8	-0.5	1.6	1.02	0.15231	30	30	30	0	0.4	0.3	5.4	0.3	-0.5	0.16	176.5543656	25.68817947	2.5
92	2006	8.8	-2.2	1.6	0	0.17498	80	63.33333333	30	0	-0.5	-2.2	6.1	1.8	-2.2	0.1	169.3055888	24.63350218	2.5
93	2006	10.5	0.2	4.3	0.25	0.19478	80	63.33333333	30	0	0.7	1.4	9.2	4.3	0.2	0.13	67.42621797	9.810331127	2.5
94	2006	5.6	2.4	3.5	0	0.10564	80	63.33333333	30	0	2.9	2.5	4.9	3	2.4	0.82	118.6586178	17.2645058	2.5
95	2006	7.8	1.8	3.7	0.25	0.1474	80	63.33333333	30	0	2.4	3.4	5.1	3	1.8	0.43	313.1516905	45.56271832	2.5
96	2006	3.7	0.7	2.2	1.02	0.09787	80	63.33333333	30	0	3	2.1	1.6	2.1	0.7	0.79	107.2879311	15.61010185	2.5
97	2006	11.7	-0.4	4	0	0.21621	80	63.33333333	30	0	0.7	-0.1	9	3.7	-0.4	0.03	225.2524329	32.77361567	2.5
98	2006	6.6	1.6	3.1	0.76	0.13446	80	63.33333333	30	0	1.8	2.5	3.8	3.3	1.6	0.58	215.2412136	31.31701053	2.5
99	2006	9	0.7	2.9	0	0.17311	80	63.33333333	30	0	2.2	1.7	7.1	2.4	0.7	0.22	184.1254414	26.78975038	2.5
100	2006	6.3	0.8	2.3	0.25	0.13803	80	63.33333333	30	0	1.5	1.5	4.5	1.9	0.8	0.58	149.2267103	21.71208003	2.5
101	2006	10	0.7	1	0	0.16934	80	63.33333333	30	0	1.1	1.4	9.8	2.6	0.7	0.14	132.894623	19.3358058	2.5
102	2006	9.4	1.3	3.9	0.25	0.18396	80	63.33333333	30	0	1.6	2.3	3.8	3.4	1.3	0.28	163.5224768	23.79207513	2.5
103	2006	7.5	2.5	4	0	0.14642	80	63.33333333	30	0	4.4	3.7	6.5	3	2.5	0.53	152.9532679	22.25428401	2.5
104	2006	6	1.5	3.5	1.27	0.13683	80	63.33333333	30	0	2.5	3	5.9	3.1	1.5	0.57	104.8569357	15.25639863	2.5
105	2006	1.6	-0.5	0.7	1.52	0.08184	80	63.33333333	30	0	1.5	-0.4	1.4	1.3	-0.5	0.89	74.86819134	10.89311799	2.5
106	2006	6	-1.6	0.6	0.25	0.15609	80	63.33333333	30	0	0	-1.3	1.4	0.1	-1.6	0.2	82.98301423	12.07380262	2.5
107	2006	7.6	-3	0.6	0.51	0.18578	80	63.33333333	30	0	-1.3	-3	4	0.8	-3	0.04	140.9924673	20.5140201	2.5
108	2006	9.8	-2.2	1.3	0	0.20676	80	63.33333333	30	0	-1	-1.2	6.9	1.1	-2.2	0	118.8278883	17.2891342	2.5
109	2006	13.5	-2.2	3.9	0	0.27071	80	63.33333333	30	0	-1.3	-1.8	11.2	3.2	-2.2	0	179.8323611	26.1651189	2.5
110	2006	17.4	1.7	7.2	0	0.31419	80	63.33333333	30	0	2.4	2.5	15.8	4.8	1.7	0	159.7590136	23.24450148	2.5
111	2006	12.6	2.2	5.1	0	0.23594	80	63.33333333	30	0	3.6	4.8	6.6	3.9	2.2	0	226.3542111	32.9339214	2.5
112	2006	12.6	0.2	4.3	0	0.2504	80	63.33333333	30	0	2.2	1.4	10.8	3	0.2	0	240.3299183	34.96734874	2.5
113	2006	12.4	1.1	5.7	0	0.25595	80	63.33333333	30	0	1.3	2.3	10.2	7.4	1.1	0	609.7975819	88.7238878	2.5
114	2006	12.5	0.3	4.7	0	0.25638	80	63.33333333	30	0	1.9	1.9	11	4.2	0.3	0	400.472835	58.26770709	2.5
115	2006	8.7	2.1	3.8	0	0.18225	80	63.33333333	30	0	2.5	2.8	5.2	3	2.1	0.36	243.8476279	35.47916591	2.5
116	2006	14.6	1.8	5.9	0	0.28031	80	63.33333333	30	0	2.4	2.4	11	5.5	1.8	0	746.4009828	108.5993107	2.5
117	2006	12.5	1.6	5.5	0	0.25595	80	63.33333333	30	0	4.8	2.5	8.4	4.4	1.6	0.01	268.0127081	38.99511928	2.5
118	2006	17.9	1.9	7.5	0	0.33884	80	63.33333333	30	0	2.7	3.6	15.1	6.1	1.9	0	171.3957812	24.93761949	2.5
119	2006	17.7	3.5	8.6	0	0.33516	80	63.33333333	30	0	3.8	4.9	14.4	7.2	3.5	0	518.0245627	75.37116339	2.5
120	2006	8.5	-0.7	3	0	0.21384	80	63.33333333	30	0	4	-0.5	6.1	3.5	-0.7	0.12	128.8650212	18.74950971	2.5
121	2006	10.3	-0.4	3.8	0	0.2409	80	63.33333333	30	0	1.1	1.6	7.9	3.2	-0.4	0.06	358.1184423	52.10525827	2.5
122	2006	10.8	-1.9	2.7	0	0.25053	110	83.33333333	30	0	-0.4	-1.2	8.1	2.3	-1.9	0.03	258.8513042	37.66215996	2.5
123	2006	11.9	-1.4	4.8	0	0.28425	110	83.33333333	30	0	-0.2	-0.5	8.7	6.5	-1.4	0.01	168.6201411	24.5337714	2.5
124	2006	14.7	0.2	6.1	0	0.31561	110	83.33333333	30	0	2.9	3	12.3	5	0.2	0	96.45478194	14.03390814	2.5
125	2006	18.4	2.5	8.3	0	0.36287	110	83.33333333	30	0	2.7	4.2	15.2	6.2	2.5	0	92.51260516	13.46033216	2.5
126	2006	14.5	3.4	7.2	0	0.29195	110	83.33333333	30	0	5.2	4	12.4	5.4	3.4	0.06	75.32858535	10.96010406	2.5
127	2006	4.6	2.5	3.7	2.29	0.10977	110	83.33333333	30	0	4.1	2.6	3.7	4.2	2.5	0.9	112.7481723	16.40455208	2.5
128	2006	5.8	0	2.2	0	0.17056	110	83.33333333	30	0	3.4	1.1	2.4	2.4	0	0.63	86.73297551	12.61941178	2.5
129	2006	11.9	-1.3	3.8	0	0.27926	110	83.33333333	30	0	0	0.1	8.4	3.4	-1.3	0.04	142.0019599	20.66089852	2.5
130	2006	16.7	0.7	6.8	0	0.35183	110	83.33333333	30	0	1.3	2.1	14	6	0.7	0	156.69366	22.79850089	2.5
131	2006	15.5	4.3	7.2	0	0.30054	110	83.33333333	30	0	4.7	7.8	10.6	6.5	4.3	0	184.2883843	26.81345813	2.5
132	2006	14.9	1.2	6.6	0	0.3259	110	83.33333333	30	0	4.4	5	12.7	5.4	1.2	0	215.1300353	31.30083438	2.5
133	2006	19.2	0.9	7.9	0	0.39848	110	83.33333333	30	0	1.3	3.2	16.1	7.4	0.9	0	211.7395772	30.80753196	2.5
134	2006	23.9	4.2	11.5	0	0.47338	110	83.33333333	30	0	4.4	6.6	20.9	10.5	4.2	0	225.1306748	32.7559002	2.5
135	2006	27.7	7.6	15	0	0.53752	110	83.33333333	30	0	8.4	9.8	22.8	13.4	7.6	0	175.1437125	25.48293329	2.5
136	2006	29	10.9	16.6	0	0.53713	110	83.33333333	30	0	11.3	11.8	20.5	14.9	10.9	0	128.1118882	18.6399309	2.5
137	2006	29	10.7	16.4	0	0.53906	110	83.33333333	30	0	11.3	12.9	22.5	15.4	10.7	0	331.3379065	48.20876322	2.5
138	2006	30.1	11.5	18.1	0	0.57266	110	83.33333333	30	0	12	13.4	23.5	17	11.5	0	242.28723	35.25213227	2.5
139	2006	27.1	11	16.3	0	0.50794	110	83.33333333	30	0	12	11	21.8	14.6	11	0	334.2630405	48.63436225	2.5
140	2006	15	7.1	10.8	1.27	0.29949	110	83.33333333	30	0	11.4	11.3	11.5	10.7	7.1	0.35	198.7078952	28.91145771	2.5
141	2006	20.9	6.1	12.1	0	0.43003	110	83.33333333	30	0	7.1	7.5	17.2	13.1	6.1	0	132.894623	19.3358058	2.5
142	2006	20.1	8.9	12.9	1.52	0.38539	110	83.33333333	30	0	10	10.5	19.2	13	8.9	0	221.7740939	32.26752682	2.5
143	2006	17.1	6.5	10.8	0	0.3504	110	83.33333333	30	0	8.9	7.2	15.9	10.3	6.5	0.13	82.35945193	11.98307601	2.5
144	2006	20.3	6.6	11.2	0	0.40519	110	83.33333333	30	0	7.7	9.1	18.4	9.7	6.6	0	88.2210863	12.83592785	2.5
145	2006	12.9	4.7	8.3	0	0.28297	110	83.33333333	30	0	7.3	7.1	11.4	8.8	4.7	0.28	614.2946142	89.37819376	2.5
146	2006	10.8	3.5	5.5	0	0.23903	110	83.33333333	30	0	4.7	3.6	7.2	5.9	3.5	0.41	417.7449834	60.78075764	2.5
147	2006	9.6	2.2	5.4	0.76	0.24029	110	83.33333333	30	0	4.2	4	8.6	6	2.2	0.6	428.4894531	62.34404873	2.5
148	2006	8.6	3.8	5	3.3	0.1907	110	83.33333333	30	0	4.7	4.2	5.5	4.3	3.8	0.81	950.8944028	138.3525465	2.5
149	2006	9.7	4.1	5.7	2.03	0.21284	110	83.33333333	30	0	5.1	4.4	6.1	7.1	4.1	0.72	289.4313749	42.11147698	2.5
150	2006	19.1	4.3	9.8	0	0.40736	110	83.33333333	30	0	4.5	5.6	16.4	10	4.3	0	225.9857561	32.88031219	2.5
151	2006	23.9	6.5	14.1	0	0.51168	110	83.33333333	30	0	7.1	8.5	21.1	13.9	6.5	0	385.2837636	56.05773855	2.5
152	2006	27.3	11.6	17.4	0	0.53749	110	83.33333333	30	0	12.1	13	24.2	18.4	11.6	0	204.0625911	29.69055138	2.5
153	2006	24.2	9.9	13.8	0	0.46146	110	83.33333333	30	0	12.1	12.7	21.1	10.8	9.9	0	95.30703625	13.86691427	2.5
154	2006	18.2	7.9	11.4	0	0.3626	110	83.33333333	30	0	10	8.4	15.8	10.8	7.9	0.07	79.69608657	11.5955636	2.5
155	2006	12.9	7.4	9.5	3.3	0.24818	110	83.33333333	30	0	9.7	10.3	9.5	8.6	7.4	0.7	67.65622944	9.843797168	2.5
156	2006	20	7.5	11.6	0	0.40363	110	83.33333333	30	0	7.7	8.3	14.9	12.5	7.5	0.01	126.171387	18.35759327	2.5
157	2006	24.2	8.8	14.9	0	0.49911	110	83.33333333	30	0	9.1	11.1	19.7	15.2	8.8	0	128.6262348	18.71476695	2.5
158	2006	25.1	11.1	16	0	0.49263	110	83.33333333	30	0	11.9	12.5	19.6	15.9	11.1	0	232.0288292	33.75956288	2.5
159	2006	15.4	6.5	10.7	0.51	0.33166	110	83.33333333	30	0	13.6	9.9	13.2	11.9	6.5	0.17	103.3221901	15.03309734	2.5
160	2006	19.1	5	10.8	0	0.41945	110	83.33333333	30	0	6.6	7.2	16.1	11.6	5	0	179.7547468	26.15382623	2.5
161	2006	11.6	6.9	9.1	1.02	0.22804	110	83.33333333	30	0	9.2	8.8	10.3	9.2	6.9	0.7	159.1485473	23.15568031	2.5
162	2006	21.2	6.3	12	0.25	0.45028	110	83.33333333	30	0	6.9	8.2	16.1	13.4	6.3	0	212.2791786	30.88604249	2.5
163	2006	20.9	8.4	14.4	0	0.44606	110	83.33333333	30	0	10.4	10.3	16.6	16.4	8.4	0	239.5007179	34.84670234	2.5
164	2006	14.8	9.1	11.5	0	0.27432	110	83.33333333	30	0	11.9	12.9	12.3	10.4	9.1	0.5	134.5257585	19.57313158	2.5
165	2006	9.2	7.4	8.3	4.83	0.13742	110	83.33333333	30	0	9.1	8.5	7.6	8.5	7.4	0.92	556.8071503	81.01392429	2.5
166	2006	10.5	5.7	8	0	0.22196	110	83.33333333	30	0	7.4	5.8	8.4	9.4	5.7	0.82	469.0222392	68.24145875	2.5
167	2006	17.4	7.3	11.2	0	0.36208	110	83.33333333	30	0	8.6	8.6	14.2	13.5	7.3	0.07	414.0077022	60.23699341	2.5
168	2006	13.3	5.8	8.9	0	0.28738	110	83.33333333	30	0	7.5	7.2	11.6	9.9	5.8	0.36	288.0302548	41.90761782	2.5
169	2006	21.2	5.1	12.4	0	0.47639	110	83.33333333	30	0	5.9	6.6	18	13.8	5.1	0	234.2473276	34.08234835	2.5
170	2006	19.1	6.7	11.8	0	0.40984	110	83.33333333	30	0	10.4	9.3	15.7	12.7	6.7	0	335.0697896	48.75174205	2.5
171	2006	18.5	5.3	10.2	0	0.40002	110	83.33333333	30	0	6.7	6.6	14	10.2	5.3	0	235.1732063	34.21706119	2.5
172	2006	19.7	6.2	11.4	0	0.42186	110	83.33333333	30	0	6.7	8.2	16.7	12.1	6.2	0	259.6581973	37.7795607	2.5
173	2006	22.7	7.6	13.4	0	0.47664	110	83.33333333	30	0	8.2	9.1	17.7	13	7.6	0	542.3069641	78.90418668	2.5
174	2006	24	8.1	14.6	0	0.50778	110	83.33333333	30	0	8.8	9.9	20.6	14.5	8.1	0	144.9675421	21.09238266	2.5
175	2006	28.2	9.9	17.2	0	0.58825	110	83.33333333	30	0	10.1	11.5	24	17.2	9.9	0	203.7630863	29.64697425	2.5
176	2006	30.9	12.3	19.4	0	0.63001	110	83.33333333	30	0	13.1	13.9	27.1	19.2	12.3	0	248.6517901	36.17815843	2.5
177	2006	31.7	14	20.3	0	0.62907	110	83.33333333	30	0	15.6	15	28	19.7	14	0	175.5127469	25.53662679	2.5
178	2006	32	16.1	22.1	0	0.62395	110	83.33333333	30	0	16.5	17.9	28.6	20.2	16.1	0	118.8618003	17.29406831	2.5
179	2006	28	15.1	19.8	0	0.52918	110	83.33333333	30	0	18.7	16.2	24.7	17.7	15.1	0	237.9952848	34.62766592	2.5
180	2006	19.5	10.5	13.8	0.51	0.37113	110	83.33333333	30	0	15.1	15.1	12.6	11.9	10.5	0.24	106.0315042	15.42729515	2.5
181	2006	26.6	9.8	16.8	0	0.55461	110	83.33333333	30	0	10.8	12	22.3	17.5	9.8	0	130.6435848	19.00828587	2.5
182	2006	28.7	13.8	19.4	0	0.56091	110	83.33333333	30	0	15.1	15.1	23.8	18.6	13.8	0	265.789246	38.67161159	2.5
183	2006	29.5	14.5	19.9	0	0.56963	110	83.33333333	30	0	15.4	15.5	27.8	18.8	14.5	0	166.1978246	24.18133095	2.5
184	2006	30.4	15	21	0	0.5932	110	83.33333333	30	0	16.4	16.4	27.1	22.8	15	0	1186.586178	172.645058	2.5
185	2006	33	14.9	22.3	0	0.66366	110	83.33333333	30	0	15.7	16.1	28.4	20.9	14.9	0	172.4603513	25.09251154	2.5
186	2006	28.7	14.3	19.8	0	0.55416	110	83.33333333	30	0	18.6	17.2	26.2	17.6	14.3	0	105.2278293	15.31036265	2.5
187	2006	26.1	11.1	16.4	0	0.51357	110	83.33333333	30	0	14.3	13.8	16.1	15.2	11.1	0	81.4892875	11.85646945	2.5
188	2006	23.7	7.8	14.2	0	0.49383	110	83.33333333	30	0	11.1	9	19.5	14.2	7.8	0	79.09072321	11.50748488	2.5
189	2006	28.6	9.8	17.5	0	0.59122	110	83.33333333	30	0	10.3	11.2	24	17.6	9.8	0	286.6426348	41.7057229	2.5
190	2006	30.4	13.7	19.9	0	0.59389	110	83.33333333	30	0	14.2	14	26.3	18.8	13.7	0	213.0392575	30.9966319	2.5
191	2006	25.2	12.9	18	0	0.48295	110	83.33333333	30	0	16.6	16.1	21.4	16.3	12.9	0.06	186.85139	27.18636849	2.5
192	2006	28.8	10.2	18.1	0	0.5942	110	83.33333333	30	0	12.9	11	24.7	17.8	10.2	0	135.4885323	19.71321255	2.5
193	2006	23.2	11.1	15.7	0	0.44615	110	83.33333333	30	0	14.4	12	19.9	15.3	11.1	0.12	106.9573057	15.56199676	2.5
194	2006	23.2	9.9	14.7	0	0.45266	110	83.33333333	30	0	12.5	10.9	19.1	14.7	9.9	0.17	121.9952397	17.74997521	2.5
195	2006	28.7	12.1	18.1	0	0.55716	110	83.33333333	30	0	12.5	12.5	23.5	17.3	12.1	0	151.6169452	22.0598527	2.5
196	2006	27.4	12.7	18.2	0	0.52434	110	83.33333333	30	0	15.1	13.7	23.5	17.2	12.7	0.01	549.4614095	79.94513901	2.5
197	2006	29.6	12.3	18.4	0	0.57036	110	83.33333333	30	0	12.7	13.2	25.1	17.8	12.3	0	168.0757661	24.45456633	2.5
198	2006	28.2	12.9	18.7	0	0.53923	110	83.33333333	30	0	14.3	14.1	25	17.5	12.9	0	191.6667043	27.8869836	2.5
199	2006	23.5	8.9	14.7	0	0.46759	110	83.33333333	30	0	12.9	9.1	20.5	14.1	8.9	0.06	92.32803113	13.43347714	2.5
200	2006	28.1	10.2	17.3	0	0.5574	110	83.33333333	30	0	10.6	10.8	24.2	16.7	10.2	0	132.6829399	19.30500649	2.5
201	2006	29.7	13	19.4	0	0.56873	110	83.33333333	30	0	15.8	13.6	25.7	18.8	13	0	189.4866917	27.56979771	2.5
202	2006	33.9	14.8	22.1	0	0.65015	110	83.33333333	30	0	15.6	15.7	30.4	21.8	14.8	0	255.2032772	37.13138197	2.5
203	2006	34.6	17.4	23.8	0	0.64099	110	83.33333333	30	0	18.4	19.2	31.1	22.4	17.4	0	296.0140358	43.06923622	2.5
204	2006	34.5	19.1	24.2	0	0.61013	110	83.33333333	30	0	20	20.5	30.4	22.4	19.1	0	216.2470137	31.4633517	2.5
205	2006	33.8	18	23.3	0	0.6025	110	83.33333333	30	0	20	19.5	29.5	21.4	18	0	188.2023264	27.38292606	2.5
206	2006	30.2	16.1	21.1	0	0.53662	110	83.33333333	30	0	18	16.5	26.7	19	16.1	0.03	459.1970765	66.81192433	2.5
207	2006	30.3	14.8	20.6	0	0.55319	110	83.33333333	30	0	17.1	15.4	27	19.3	14.8	0	146.0861973	21.25514394	2.5
208	2006	31.7	15.8	21.4	0	0.56961	110	83.33333333	30	0	16.8	16.5	27.6	20.6	15.8	0	201.30099	29.28874595	2.5
209	2006	29.7	14	19.4	0	0.53488	110	83.33333333	30	0	18.2	14.6	25.3	17.8	14	0	150.0871165	21.8372668	2.5
210	2006	26.1	12.1	16.5	0.25	0.4637	110	83.33333333	30	0	14.5	12.9	22.1	15.2	12.1	0	120.5475393	17.53933875	2.5
211	2006	18.5	7	11.9	0	0.36229	110	83.33333333	30	0	12.7	9.3	16.4	10.1	7	0.21	125.94247	18.32428647	2.5
212	2006	22.5	5.5	11.9	0	0.43847	110	83.33333333	30	0	7	7.1	16.6	12	5.5	0	158.4824005	23.05875775	2.5
213	2006	21.9	7.6	13.1	0	0.41644	110	83.33333333	30	0	8.8	8.5	19.1	12.7	7.6	0.04	263.1028101	38.28074249	2.5
214	2006	24.3	8.3	14.2	0	0.45398	110	83.33333333	30	0	9.7	10	20.5	13.7	8.3	0	151.6721589	22.06788615	2.5
215	2006	25.8	9.8	15.8	0	0.47434	110	83.33333333	30	0	10.9	10.5	22.6	15.6	9.8	0	102.7106655	14.94412216	2.5
216	2006	26.7	11.5	16.8	0	0.47369	110	83.33333333	30	0	12	12.1	24.1	16	11.5	0	240.4686769	34.98753774	2.5
217	2006	25.9	10	16.3	0	0.475	110	83.33333333	30	0	11.6	10.7	23.3	15.8	10	0	533.96378	77.69027611	2.5
218	2006	29.2	12.1	19.2	0	0.53167	110	83.33333333	30	0	12.6	12.4	25.7	18.6	12.1	0	316.002844	45.97755339	2.5
219	2006	31.4	14.9	21	0	0.54471	110	83.33333333	30	0	15.9	15.5	28.7	21.3	14.9	0	874.9826647	127.3075953	2.5
220	2006	28.8	12.4	19.8	0	0.52335	110	83.33333333	30	0	16.9	17.4	24.9	18.9	12.4	0	219.0908724	31.87712539	2.5
221	2006	23.8	11.9	16.1	0.25	0.39966	110	83.33333333	30	0	12.5	12.7	20.8	15.6	11.9	0.08	226.4772966	32.95183	2.5
222	2006	28.2	9.6	16.8	1.02	0.50703	110	83.33333333	30	0	13.4	12.3	25.9	12.1	9.6	0	135.3124589	19.68759434	2.5
223	2006	17.6	8.3	11.7	0.25	0.30387	110	83.33333333	30	0	9.6	8.9	13.8	11.4	8.3	0.36	268.0127081	38.99511928	2.5
224	2006	21.9	7.6	12.9	0	0.38977	110	83.33333333	30	0	8.4	7.9	18.5	11.9	7.6	0.08	191.6667043	27.8869836	2.5
225	2006	24.9	9.1	15.1	0	0.43637	110	83.33333333	30	0	10	9.3	21.2	14.1	9.1	0	146.4457625	21.30745969	2.5
226	2006	27.7	10.8	17.4	0	0.47982	110	83.33333333	30	0	11.5	12.7	24.1	16.3	10.8	0	107.4262957	15.63023352	2.5
227	2006	23.7	12.7	16.2	0	0.37151	110	83.33333333	30	0	14.8	13.2	18.9	15.1	12.7	0.12	147.2222511	21.42043668	2.5
228	2006	24.4	9.6	14.5	1.02	0.40671	110	83.33333333	30	0	12.9	11.9	23.6	10.7	9.6	0.02	271.3301293	39.47779503	2.5
229	2006	21.4	9.3	13.3	0.25	0.35173	110	83.33333333	30	0	9.8	9.9	15.6	15.9	9.3	0.16	414.0077022	60.23699341	2.5
230	2006	26.4	9.4	15.8	0	0.44736	110	83.33333333	30	0	10.4	10.1	22.7	14.8	9.4	0	144.1147918	20.96830982	2.5
231	2006	28.2	12	18	0	0.46208	110	83.33333333	30	0	13.1	12	25.7	16.8	12	0	250.8986436	36.5050695	2.5
232	2006	29	13.4	19	0	0.46283	110	83.33333333	30	0	14.6	13.9	27	17.5	13.4	0.02	250.1451942	36.39544467	2.5
233	2006	31.8	14.6	21	0	0.50872	110	83.33333333	30	0	15.4	15.3	28.3	19.8	14.6	0	258.2093915	37.5687634	2.5
234	2006	27.6	14.2	19.5	0	0.42851	110	83.33333333	30	0	17.8	15.9	25.2	16	14.2	0.05	166.6633647	24.24906577	2.5
235	2006	24.4	12	15.9	0	0.36966	110	83.33333333	30	0	14.2	12	22.7	14.6	12	0.07	167.4675305	24.36606971	2.5
236	2006	22.3	8.1	14	0	0.37045	110	83.33333333	30	0	12	8.7	19.2	13.9	8.1	0.11	268.1852855	39.02022883	2.5
237	2006	21.4	9.7	13.9	0	0.33262	110	83.33333333	30	0	12.1	11	20.5	13.6	9.7	0.14	214.3549915	31.18806761	2.5
238	2006	25.4	8.6	15	0	0.40918	110	83.33333333	30	0	9.7	9.2	22.5	14.9	8.6	0.03	142.4877689	20.7315824	2.5
239	2006	28	12.1	17.9	0	0.42981	110	83.33333333	30	0	13.2	12.3	24.9	17.1	12.1	0.04	166.264171	24.19098418	2.5
240	2006	30.6	13.6	20.1	0	0.468	110	83.33333333	30	0	14.9	13.7	28.9	18.8	13.6	0	295.3842187	42.97759955	2.5
241	2006	23.6	8.9	16.8	0	0.39402	110	83.33333333	30	0	17.7	17	22.3	13.4	8.9	0	554.5828874	80.69030009	2.5
242	2006	11.4	4.4	6.9	0.25	0.19248	110	83.33333333	30	0	8.9	5.2	7.9	5.9	4.4	0.61	1431.243122	208.2419772	2.5
243	2006	17	3.8	8.3	0	0.27692	110	83.33333333	30	0	4.5	4.1	13	8.3	3.8	0.16	225.0090483	32.73820387	2.5
244	2006	24	4.8	11.9	0	0.37676	110	83.33333333	30	0	5.9	5.1	20.5	12.7	4.8	0	209.6083283	30.49744105	2.5
245	2006	28	9.9	16.8	0	0.42243	110	83.33333333	30	0	10.3	10.8	25.9	16.1	9.9	0	284.4888992	41.39236022	2.5
246	2006	29.4	13.9	19.1	0	0.41318	110	83.33333333	30	0	14.2	14.5	27.7	17.8	13.9	0	203.5639044	29.61799383	2.5
247	2006	26.1	15.1	18.9	0	0.34306	110	83.33333333	30	0	16.2	16.2	23.3	18.2	15.1	0.21	120.4081377	17.51905619	2.5
248	2006	28.5	16.6	19.7	0	0.36125	110	83.33333333	30	0	17	17.4	24.5	19	16.6	0.09	217.8304123	31.69373189	2.5
249	2006	29.4	15.4	20	0	0.39128	110	83.33333333	30	0	16.8	15.7	27.5	18.9	15.4	0.01	127.0566652	18.48639883	2.5
250	2006	28.3	13.9	18.9	0	0.38164	110	83.33333333	30	0	15.8	14	26.5	18.6	13.9	0.01	182.0331068	26.4853214	2.5
251	2006	26.5	13.2	18.3	0	0.35732	110	83.33333333	30	0	14.5	14.9	24.6	17.3	13.2	0	154.4850699	22.47715704	2.5
252	2006	21.1	8.4	13.6	0	0.30076	110	83.33333333	30	0	14	12.8	19	11.5	8.4	0.04	168.4155877	24.50400945	2.5
253	2006	21.3	6.1	11.8	0	0.30711	110	83.33333333	30	0	8.8	6.2	18.7	11.5	6.1	0.05	529.2144198	76.99925714	2.5
254	2006	26.2	8.8	15.5	0	0.36596	110	83.33333333	30	0	9.5	9.3	24.3	15.3	8.8	0.02	742.4095337	108.0185657	2.5
255	2006	27.1	12.1	16.8	0	0.34948	110	83.33333333	30	0	14	12.4	25.7	14.9	12.1	0.01	150.4123324	21.88458482	2.5
256	2006	18.5	5.4	12.3	1.02	0.2812	110	83.33333333	30	0	13.2	11	17.2	11.6	5.4	0.04	164.3613845	23.91413393	2.5
257	2006	9.7	1.5	4.6	0	0.16384	110	83.33333333	30	0	5.4	4.6	6.3	3.4	1.5	0.45	147.5351571	21.46596364	2.5
258	2006	14.4	1.1	6	0	0.21937	110	83.33333333	30	0	1.5	1.6	14.1	6.2	1.1	0.09	141.7120614	20.61871908	2.5
259	2006	11.3	2.5	5.4	0	0.17208	110	83.33333333	30	0	2.8	3.8	7.3	6.4	2.5	0.39	359.975582	52.37546704	2.5
260	2006	15.1	3	7.2	0.25	0.21509	110	83.33333333	30	0	4.4	3	12.9	6.6	3	0.18	295.8037986	43.03864728	2.5
261	2006	19.8	5.2	11	0	0.2692	110	83.33333333	30	0	5.6	5.9	17.3	11.1	5.2	0.07	152.059784	22.12428454	2.5
262	2006	9	6.4	7.4	1.27	0.0983	110	83.33333333	30	0	9	7.7	7.2	6.9	6.4	0.91	232.1581652	33.77838092	2.5
263	2006	7.2	4.4	6	1.78	0.09527	110	83.33333333	30	0	6.4	6.3	6.3	5.3	4.4	0.87	115.7564615	16.84224996	2.5
264	2006	9.3	2.2	5.4	1.27	0.1462	110	83.33333333	30	0	5.3	5.7	8	4.7	2.2	0.52	377.9416955	54.98948763	2.5
265	2006	12.6	1.8	5.7	0.25	0.18055	110	83.33333333	30	0	2.2	1.9	9.3	5.7	1.8	0.3	293.7177351	42.73513073	2.5
266	2006	13.5	4.3	7.1	0	0.17452	110	83.33333333	30	0	5.1	4.5	11.9	6.4	4.3	0.38	611.5884705	88.98445722	2.5
267	2006	18	4.6	9.2	0	0.22571	110	83.33333333	30	0	5.1	4.7	16.7	9.4	4.6	0.18	326.1485892	47.45373169	2.5
268	2006	20.5	7.6	11.6	0	0.23828	110	83.33333333	30	0	7.7	8.2	18	10.7	7.6	0.15	317.2062059	46.15263928	2.5
269	2006	20.3	8.6	12.2	0	0.22879	110	83.33333333	30	0	9.7	8.8	19.3	11.3	8.6	0.19	177.079825	25.76463238	2.5
270	2006	21.1	9.2	12.9	0	0.23326	110	83.33333333	30	0	9.7	9.3	19.8	11.9	9.2	0.19	209.2923359	30.45146501	2.5
271	2006	21.6	9.4	13.7	0	0.23937	110	83.33333333	30	0	11.2	10.6	20.5	12.5	9.4	0.2	3108.147376	452.2269804	2.5
272	2006	22.2	10.7	13.9	0	0.23099	110	83.33333333	30	0	12	11	20.9	12.7	10.7	0.21	443.5481879	64.53505364	2.5
273	2006	20.4	10.3	13	0	0.20771	110	83.33333333	30	0	11	10.4	19.5	11.9	10.3	0.19	285.0730653	41.4773548	2.5
